166.0 181.0 9.776302 -4.80219 375.0 224.0 0.517 -0.167 2.506434 0.76 -1.41 45.3 0.0 0.0 0.0 0.0 2.506434 0.0 0.001 0.008 0.0 0.0 0.0 0.0 -0.001 -0.037 -0.001 
167.0 181.0 9.774128 -4.647971 375.0 223.0 0.516 -0.167 2.507421 0.77 -1.55 45.31 0.0 0.0 0.0 0.0 2.507421 0.0 0.002 -0.021 0.0 0.0 0.0 0.0 0.001 -0.027 -0.003 
167.0 181.0 9.774128 -4.647971 375.0 222.0 0.517 -0.169 2.506434 0.76 -1.67 45.33 0.0 0.0 0.0 0.0 2.506434 0.0 0.041 0.009 0.0 0.0 0.0 0.0 -0.004 -0.002 -0.007 
167.0 180.0 9.800443 -4.635463 376.0 221.0 0.519 -0.173 2.500514 0.65 -1.73 45.27 0.0 0.0 0.0 0.0 2.500514 0.0 0.004 -0.019 0.0 0.0 0.0 0.0 -0.008 -0.002 -0.004 
167.0 180.0 9.800443 -4.635463 377.0 221.0 0.518 -0.175 2.506434 0.61 -1.71 45.29 0.0 0.0 0.0 0.0 2.506434 0.0 0.003 -0.018 0.0 0.0 0.0 0.0 -0.006 0.017 -0.001 
167.0 180.0 9.800443 -4.635463 377.0 224.0 -11.038 84.105 2.507421 0.56 -1.4 45.21 0.0 0.0 0.0 0.0 2.507421 0.0 -0.016 0.007 0.0 0.0 0.0 0.0 -0.011 0.032 -0.003 
168.0 179.0 9.824664 -4.469558 378.0 229.0 0.517 -0.181 2.501501 0.51 -0.92 45.03 0.0 0.0 0.0 0.0 2.501501 0.0 0.01 0.025 0.0 0.0 0.0 0.0 -0.003 0.01 0.003 
168.0 180.0 9.798344 -4.481588 377.0 230.0 0.522 -0.18 2.501501 0.53 -0.86 45.0 0.0 0.0 0.0 0.0 2.501501 0.0 0.066 0.086 0.0 0.0 0.0 0.0 0.017 -0.009 0.005 
168.0 180.0 9.798344 -4.481588 377.0 230.0 0.526 -0.178 2.505448 0.57 -0.96 44.98 0.0 0.0 0.0 0.0 2.505448 0.0 0.004 0.021 0.0 0.0 0.0 0.0 0.009 -0.037 0.003 
168.0 180.0 9.798344 -4.481588 378.0 226.0 0.526 -0.178 2.497553 0.6 -1.16 45.02 0.0 0.0 0.0 0.0 2.497553 0.0 -0.019 -0.009 0.0 0.0 0.0 0.0 -0.001 -0.049 0.016 
168.0 180.0 9.798344 -4.481588 376.0 225.0 -11.031 84.114 2.503474 0.61 -1.43 45.13 0.0 0.0 0.0 0.0 2.503474 0.0 -0.022 -0.052 0.0 0.0 0.0 0.0 -0.012 -0.04 0.02 
167.0 180.0 9.800443 -4.635463 376.0 222.0 -11.031 84.114 2.505448 0.58 -1.65 45.21 0.0 0.0 0.0 0.0 2.505448 0.0 -0.022 -0.052 0.0 0.0 0.0 0.0 0.008 -0.031 0.011 
167.0 180.0 9.800443 -4.635463 375.0 220.0 -11.031 84.116 2.505448 0.56 -1.78 45.31 0.0 0.0 0.0 0.0 2.505448 0.0 0.018 0.008 0.0 0.0 0.0 0.0 -0.015 -0.032 0.01 
166.0 180.0 9.802611 -4.789271 374.0 219.0 0.527 -0.17 2.502487 0.52 -1.91 45.39 0.0 0.0 0.0 0.0 2.502487 0.0 -0.094 0.044 0.0 0.0 0.0 0.0 0.006 -0.02 0.006 
166.0 180.0 9.802611 -4.789271 373.0 218.0 0.525 -0.166 2.505448 0.48 -2.0 45.44 0.0 0.0 0.0 0.0 2.505448 0.0 -0.004 -0.003 0.0 0.0 0.0 0.0 -0.017 -0.011 0.009 
166.0 180.0 9.802611 -4.789271 373.0 217.0 0.525 -0.167 2.503474 0.41 -2.04 45.47 0.0 0.0 0.0 0.0 2.503474 0.0 0.016 -0.01 0.0 0.0 0.0 0.0 -0.015 -0.012 -0.002 
166.0 180.0 9.802611 -4.789271 373.0 216.0 0.524 -0.17 2.504461 0.34 -2.06 45.46 0.0 0.0 0.0 0.0 2.504461 0.0 0.002 -0.034 0.0 0.0 0.0 0.0 -0.018 0.018 -0.003 
166.0 180.0 9.802611 -4.789271 373.0 217.0 0.521 -0.172 2.502487 0.24 -2.02 45.43 0.0 0.0 0.0 0.0 2.502487 0.0 -0.004 -0.05 0.0 0.0 0.0 0.0 -0.015 0.007 -0.014 
167.0 179.0 9.826757 -4.623023 375.0 219.0 0.522 -0.177 2.505448 0.16 -1.79 45.29 0.0 0.0 0.0 0.0 2.505448 0.0 0.018 -0.025 0.0 0.0 0.0 0.0 0.016 0.03 -0.001 
167.0 179.0 9.826757 -4.623023 376.0 220.0 0.521 -0.179 2.499527 0.18 -1.6 45.25 0.0 0.0 0.0 0.0 2.499527 0.0 0.003 -0.025 0.0 0.0 0.0 0.0 0.022 0.042 0.0 
168.0 179.0 9.824664 -4.469558 376.0 230.0 -11.032 84.107 2.503474 0.46 -0.96 45.14 0.0 0.0 0.0 0.0 2.503474 0.0 0.017 -0.039 0.0 0.0 0.0 0.0 0.034 0.006 0.003 
168.0 179.0 9.824664 -4.469558 376.0 230.0 -11.034 84.11 2.503474 0.67 -1.0 45.14 0.0 0.0 0.0 0.0 2.503474 0.0 0.049 0.025 0.0 0.0 0.0 0.0 0.029 -0.028 0.0 
166.0 179.0 9.82892 -4.776422 375.0 223.0 0.521 -0.175 2.504461 0.74 -1.62 45.44 0.0 0.0 0.0 0.0 2.504461 0.0 0.015 0.012 0.0 0.0 0.0 0.0 -0.014 -0.026 0.009 
165.0 180.0 9.804851 -4.943011 373.0 220.0 -11.035 84.11 2.504461 0.56 -1.86 45.47 0.0 0.0 0.0 0.0 2.504461 0.0 0.006 0.019 0.0 0.0 0.0 0.0 -0.028 -0.004 -0.01 
167.0 179.0 9.826757 -4.623023 375.0 220.0 0.52 -0.183 2.501501 0.31 -1.85 45.4 0.0 0.0 0.0 0.0 2.501501 0.0 -0.009 -0.037 0.0 0.0 0.0 0.0 -0.006 0.015 -0.002 
167.0 179.0 9.826757 -4.623023 375.0 220.0 0.516 -0.185 2.499527 0.29 -1.68 45.32 0.0 0.0 0.0 0.0 2.499527 0.0 -0.035 -0.075 0.0 0.0 0.0 0.0 0.003 0.03 -0.004 
167.0 179.0 9.826757 -4.623023 374.0 224.0 0.514 -0.188 2.501501 0.36 -1.29 45.31 0.0 0.0 0.0 0.0 2.501501 0.0 0.002 -0.002 0.0 0.0 0.0 0.0 -0.005 0.029 0.004 
167.0 179.0 9.826757 -4.623023 374.0 225.0 -11.033 84.097 2.502487 0.4 -1.11 45.29 0.0 0.0 0.0 0.0 2.502487 0.0 0.002 -0.011 0.0 0.0 0.0 0.0 0.02 0.015 0.015 
165.0 179.0 9.831154 -4.929753 372.0 224.0 -11.04 84.109 2.502487 0.63 -1.46 45.34 0.0 0.0 0.0 0.0 2.502487 0.0 -0.019 -0.072 0.0 0.0 0.0 0.0 -0.048 -0.049 -0.006 
166.0 180.0 9.802611 -4.789271 371.0 219.0 -11.037 84.12 2.502487 0.49 -1.74 45.38 0.0 0.0 0.0 0.0 2.502487 0.0 0.011 -0.031 0.0 0.0 0.0 0.0 0.001 0.004 -0.002 
166.0 180.0 9.802611 -4.789271 371.0 218.0 -11.04 84.122 2.502487 0.39 -1.84 45.4 0.0 0.0 0.0 0.0 2.502487 0.0 -0.001 -0.024 0.0 0.0 0.0 0.0 -0.007 -0.002 0.005 
165.0 180.0 9.804851 -4.943011 371.0 218.0 0.53 -0.163 2.502487 0.35 -1.92 45.47 0.0 0.0 0.0 0.0 2.502487 0.0 0.018 0.033 0.0 0.0 0.0 0.0 -0.004 -0.008 0.002 
165.0 180.0 9.804851 -4.943011 372.0 216.0 0.529 -0.163 2.49854 0.33 -1.96 45.58 0.0 0.0 0.0 0.0 2.49854 0.0 -0.008 -0.017 0.0 0.0 0.0 0.0 -0.001 0.004 -0.003 
166.0 180.0 9.802611 -4.789271 372.0 216.0 -11.041 84.124 2.503474 0.34 -1.93 45.61 0.0 0.0 0.0 0.0 2.503474 0.0 0.001 0.001 0.0 0.0 0.0 0.0 -0.006 0.014 0.001 
166.0 180.0 9.802611 -4.789271 372.0 218.0 -11.04 84.124 2.502487 0.37 -1.83 45.61 0.0 0.0 0.0 0.0 2.502487 0.0 -0.023 -0.013 0.0 0.0 0.0 0.0 0.009 0.025 0.001 
167.0 180.0 9.800443 -4.635463 371.0 221.0 0.53 -0.168 2.502487 0.47 -1.48 45.59 0.0 0.0 0.0 0.0 2.502487 0.0 0.019 -0.016 0.0 0.0 0.0 0.0 0.007 0.031 0.005 
167.0 179.0 9.826757 -4.623023 372.0 222.0 0.53 -0.17 2.502487 0.52 -1.3 45.6 0.0 0.0 0.0 0.0 2.502487 0.0 0.018 -0.026 0.0 0.0 0.0 0.0 0.015 0.035 0.001 
171.0 179.0 9.81881 -4.008783 384.0 223.0 -11.053 84.118 2.499527 0.42 -1.23 43.29 0.0 0.0 0.0 0.0 2.499527 0.0 0.027 -0.116 0.0 0.0 0.0 0.0 0.028 0.006 -0.138 
183.0 180.0 9.775375 -2.166915 410.0 221.0 0.55 -0.117 2.505448 0.59 -1.41 41.57 0.0 0.0 0.0 0.0 2.505448 0.0 -0.023 0.191 0.0 0.0 0.0 0.0 0.011 -0.056 -0.067 
186.0 180.0 9.772701 -1.702886 421.0 218.0 -11.057 84.186 2.504461 0.6 -1.68 41.39 0.0 0.0 0.0 0.0 2.504461 0.0 0.027 -0.182 0.0 0.0 0.0 0.0 0.007 0.036 -0.02 
192.0 181.0 9.742879 -0.776318 422.0 216.0 -11.059 84.199 2.514329 0.64 -1.85 41.41 0.0 0.0 0.0 0.0 2.514329 0.0 0.012 -0.151 0.0 0.0 0.0 0.0 0.006 -0.039 0.022 
193.0 182.0 9.716157 -0.622756 422.0 213.0 -11.058 84.214 2.517289 0.58 -2.05 41.7 0.0 0.0 0.0 0.0 2.517289 0.0 -0.027 -0.132 0.0 0.0 0.0 0.0 0.002 -0.005 0.062 
189.0 182.0 9.717879 -1.245364 419.0 211.0 -11.056 84.226 2.515316 0.52 -2.21 42.05 0.0 0.0 0.0 0.0 2.515316 0.0 -0.015 -0.141 0.0 0.0 0.0 0.0 -0.035 -0.032 0.069 
183.0 185.0 9.643467 -2.196569 408.0 206.0 -11.057 84.264 2.512355 0.25 -2.48 43.13 0.0 0.0 0.0 0.0 2.512355 0.0 -0.066 -0.173 0.0 0.0 0.0 0.0 -0.017 -0.013 0.056 
182.0 186.0 9.618135 -2.359755 402.0 207.0 -11.052 84.277 2.510382 0.21 -2.49 43.4 0.0 0.0 0.0 0.0 2.510382 0.0 -0.059 -0.164 0.0 0.0 0.0 0.0 0.005 -0.006 0.025 
180.0 186.0 9.620454 -2.673959 398.0 207.0 0.632 -0.035 2.512355 0.2 -2.52 43.47 0.0 0.0 0.0 0.0 2.512355 0.0 0.011 0.124 0.0 0.0 0.0 0.0 0.004 0.015 0.001 
179.0 186.0 9.621722 -2.831002 398.0 205.0 -11.048 84.298 2.513342 0.31 -2.53 43.38 0.0 0.0 0.0 0.0 2.513342 0.0 -0.011 -0.135 0.0 0.0 0.0 0.0 0.008 0.003 -0.026 
179.0 186.0 9.621722 -2.831002 401.0 206.0 -11.049 84.325 2.512355 0.58 -2.5 43.17 0.0 0.0 0.0 0.0 2.512355 0.0 0.009 -0.102 0.0 0.0 0.0 0.0 0.037 0.018 -0.017 
179.0 186.0 9.621722 -2.831002 402.0 207.0 0.663 -0.002 2.516302 0.73 -2.47 43.18 0.0 0.0 0.0 0.0 2.516302 0.0 -0.004 0.082 0.0 0.0 0.0 0.0 0.026 0.015 -0.007 
181.0 187.0 9.592883 -2.5238 404.0 210.0 0.678 0.017 2.519263 1.09 -2.23 43.14 0.0 0.0 0.0 0.0 2.519263 0.0 0.005 0.086 0.0 0.0 0.0 0.0 -0.01 0.017 -0.017 
182.0 188.0 9.565378 -2.372777 405.0 212.0 0.688 0.028 2.518276 1.1 -2.09 43.05 0.0 0.0 0.0 0.0 2.518276 0.0 0.008 0.098 0.0 0.0 0.0 0.0 -0.006 0.033 -0.017 
182.0 188.0 9.565378 -2.372777 406.0 213.0 0.693 0.033 2.517289 0.99 -1.97 42.97 0.0 0.0 0.0 0.0 2.517289 0.0 -0.002 0.084 0.0 0.0 0.0 0.0 -0.012 0.035 -0.018 
184.0 189.0 9.536954 -2.062392 411.0 219.0 -11.052 84.4 2.515316 0.4 -1.5 42.76 0.0 0.0 0.0 0.0 2.515316 0.0 0.016 -0.082 0.0 0.0 0.0 0.0 -0.035 0.03 -0.016 
185.0 189.0 9.53604 -1.903868 413.0 222.0 -11.051 84.414 2.510382 0.2 -1.38 42.72 0.0 0.0 0.0 0.0 2.510382 0.0 -0.034 -0.106 0.0 0.0 0.0 0.0 -0.023 0.024 -0.009 
186.0 190.0 9.508811 -1.75016 414.0 223.0 0.719 0.062 2.510382 0.06 -1.32 42.66 0.0 0.0 0.0 0.0 2.510382 0.0 -0.073 0.004 0.0 0.0 0.0 0.0 -0.024 -0.005 -0.006 
187.0 190.0 9.508041 -1.59114 415.0 225.0 -11.055 84.422 2.511369 -0.0 -1.33 42.62 0.0 0.0 0.0 0.0 2.511369 0.0 -0.008 -0.084 0.0 0.0 0.0 0.0 -0.021 -0.012 -0.007 
187.0 191.0 9.48165 -1.59557 417.0 224.0 -11.054 84.429 2.512355 -0.04 -1.39 42.59 0.0 0.0 0.0 0.0 2.512355 0.0 -0.018 -0.085 0.0 0.0 0.0 0.0 0.009 -0.011 -0.019 
187.0 191.0 9.48165 -1.59557 418.0 223.0 -11.054 84.435 2.511369 0.03 -1.44 42.57 0.0 0.0 0.0 0.0 2.511369 0.0 0.027 -0.071 0.0 0.0 0.0 0.0 0.021 0.002 -0.007 
188.0 191.0 9.480952 -1.436084 419.0 223.0 -11.055 84.444 2.515316 0.15 -1.45 42.53 0.0 0.0 0.0 0.0 2.515316 0.0 -0.019 -0.093 0.0 0.0 0.0 0.0 0.021 -0.018 -0.012 
189.0 192.0 9.453933 -1.28014 418.0 223.0 -11.052 84.459 2.516302 0.31 -1.52 42.48 0.0 0.0 0.0 0.0 2.516302 0.0 -0.0 -0.084 0.0 0.0 0.0 0.0 0.043 0.002 -0.017 
193.0 193.0 9.425763 -0.641943 424.0 221.0 -11.056 84.477 2.514329 1.15 -1.58 41.54 0.0 0.0 0.0 0.0 2.514329 0.0 0.032 -0.073 0.0 0.0 0.0 0.0 0.064 -0.036 -0.113 
197.0 194.0 9.398771 0.0 435.0 218.0 0.764 0.131 2.524197 1.62 -2.01 40.03 0.0 0.0 0.0 0.0 2.524197 0.0 -0.03 0.115 0.0 0.0 0.0 0.0 0.02 0.009 -0.114 
208.0 194.0 9.403256 1.769812 459.0 211.0 0.772 0.147 2.521236 1.64 -2.24 39.05 0.0 0.0 0.0 0.0 2.521236 0.0 -0.015 0.121 0.0 0.0 0.0 0.0 -0.018 -0.038 -0.105 
220.0 197.0 9.339329 3.727883 478.0 208.0 0.793 0.172 2.516302 0.65 -2.52 38.07 0.0 0.0 0.0 0.0 2.516302 0.0 0.025 0.171 0.0 0.0 0.0 0.0 -0.019 -0.061 0.036 
256.0 213.0 9.032475 9.93037 477.0 191.0 0.856 0.233 2.52617 0.2 -3.83 38.51 0.0 0.0 0.0 0.0 2.52617 0.0 0.01 0.214 0.0 0.0 0.0 0.0 0.043 -0.004 0.005 
257.0 213.0 9.037066 10.095248 475.0 187.0 0.867 0.247 2.531104 0.34 -3.99 38.55 0.0 0.0 0.0 0.0 2.531104 0.0 -0.011 0.222 0.0 0.0 0.0 0.0 0.057 -0.049 0.008 
258.0 214.0 9.015753 10.28984 474.0 182.0 0.88 0.263 2.534065 0.59 -4.28 38.6 0.0 0.0 0.0 0.0 2.534065 0.0 0.016 0.286 0.0 0.0 0.0 0.0 0.03 -0.03 -0.015 
217.0 203.0 9.176366 3.298701 476.0 177.0 -11.056 84.73 2.540972 0.9 -4.63 39.07 0.0 0.0 0.0 0.0 2.540972 0.0 -0.026 -0.208 0.0 0.0 0.0 0.0 -0.013 -0.035 0.119 
213.0 204.0 9.144523 2.64763 463.0 171.0 -11.05 84.769 2.542946 0.59 -4.88 41.29 0.0 0.0 0.0 0.0 2.542946 0.0 -0.061 -0.249 0.0 0.0 0.0 0.0 -0.016 -0.028 0.225 
188.0 208.0 9.032283 -1.507436 412.0 166.0 -11.036 84.863 2.5538 0.8 -5.04 44.04 0.0 0.0 0.0 0.0 2.5538 0.0 0.023 -0.229 0.0 0.0 0.0 0.0 0.074 0.018 0.035 
184.0 208.0 9.035677 -2.176862 412.0 166.0 -11.038 84.882 2.559721 1.04 -5.0 44.33 0.0 0.0 0.0 0.0 2.559721 0.0 0.029 -0.239 0.0 0.0 0.0 0.0 0.037 -0.04 0.062 
181.0 208.0 9.039032 -2.678551 404.0 169.0 1.043 0.423 2.560708 1.21 -4.97 44.64 0.0 0.0 0.0 0.0 2.560708 0.0 -0.021 0.272 0.0 0.0 0.0 0.0 0.051 0.004 0.078 
180.0 209.0 9.013936 -2.854025 398.0 169.0 -11.041 84.925 2.568602 1.33 -4.86 45.27 0.0 0.0 0.0 0.0 2.568602 0.0 0.007 -0.278 0.0 0.0 0.0 0.0 0.015 0.02 0.105 
175.0 211.0 8.96878 -3.713103 385.0 170.0 -11.042 84.971 2.573536 1.17 -4.65 46.38 0.0 0.0 0.0 0.0 2.573536 0.0 0.0 -0.279 0.0 0.0 0.0 0.0 -0.041 0.051 0.059 
172.0 212.0 8.947928 -4.230151 379.0 171.0 -11.042 84.993 2.57551 0.95 -4.49 46.63 0.0 0.0 0.0 0.0 2.57551 0.0 -0.007 -0.234 0.0 0.0 0.0 0.0 -0.054 -0.002 0.014 
170.0 214.0 8.899344 -4.594253 370.0 175.0 1.131 0.514 2.57551 0.73 -4.3 46.6 0.0 0.0 0.0 0.0 2.57551 0.0 -0.035 0.196 0.0 0.0 0.0 0.0 -0.052 0.068 -0.034 
170.0 215.0 8.873029 -4.607909 378.0 183.0 -11.049 85.057 2.574523 0.48 -3.67 45.93 0.0 0.0 0.0 0.0 2.574523 0.0 0.047 -0.144 0.0 0.0 0.0 0.0 -0.003 0.037 -0.08 
172.0 215.0 8.868943 -4.267893 383.0 188.0 -11.052 85.069 2.576496 0.45 -3.41 45.55 0.0 0.0 0.0 0.0 2.576496 0.0 0.027 -0.135 0.0 0.0 0.0 0.0 -0.005 0.062 -0.072 
173.0 215.0 8.867018 -4.097771 389.0 190.0 -11.054 85.081 2.577483 0.46 -3.14 45.23 0.0 0.0 0.0 0.0 2.577483 0.0 0.035 -0.145 0.0 0.0 0.0 0.0 0.011 0.073 -0.064 
176.0 216.0 8.83536 -3.597693 394.0 193.0 1.169 0.569 2.579457 0.51 -2.88 44.95 0.0 0.0 0.0 0.0 2.579457 0.0 -0.007 0.118 0.0 0.0 0.0 0.0 0.02 0.046 -0.057 
179.0 216.0 8.830744 -3.084812 398.0 200.0 -11.059 85.104 2.58143 0.61 -2.56 44.67 0.0 0.0 0.0 0.0 2.58143 0.0 0.04 -0.077 0.0 0.0 0.0 0.0 0.026 0.074 -0.038 
181.0 217.0 8.801689 -2.750835 401.0 202.0 -11.061 85.112 2.58143 0.74 -2.14 44.5 0.0 0.0 0.0 0.0 2.58143 0.0 0.015 -0.106 0.0 0.0 0.0 0.0 0.023 0.065 -0.032 
182.0 217.0 8.800462 -2.579148 403.0 207.0 1.183 0.591 2.58143 0.87 -1.76 44.42 0.0 0.0 0.0 0.0 2.58143 0.0 -0.014 0.104 0.0 0.0 0.0 0.0 0.024 0.073 -0.019 
184.0 217.0 8.798244 -2.235637 408.0 220.0 1.197 0.608 2.585377 1.06 -1.04 44.3 0.0 0.0 0.0 0.0 2.585377 0.0 -0.016 0.066 0.0 0.0 0.0 0.0 0.013 0.024 -0.013 
184.0 218.0 8.771863 -2.242364 409.0 223.0 -11.062 85.147 2.584391 1.09 -0.98 44.35 0.0 0.0 0.0 0.0 2.584391 0.0 -0.084 -0.033 0.0 0.0 0.0 0.0 0.002 -0.004 -0.001 
184.0 219.0 8.745482 -2.249131 409.0 224.0 1.218 0.619 2.585377 0.77 -1.43 44.33 0.0 0.0 0.0 0.0 2.585377 0.0 -0.011 0.075 0.0 0.0 0.0 0.0 -0.019 -0.028 -0.005 
184.0 219.0 8.745482 -2.249131 409.0 218.0 -11.055 85.18 2.584391 0.64 -1.58 44.28 0.0 0.0 0.0 0.0 2.584391 0.0 -0.028 -0.112 0.0 0.0 0.0 0.0 -0.015 -0.03 0.002 
185.0 219.0 8.744486 -2.076279 409.0 216.0 -11.055 85.18 2.585377 0.53 -1.64 44.28 0.0 0.0 0.0 0.0 2.585377 0.0 -0.028 -0.112 0.0 0.0 0.0 0.0 -0.025 -0.004 -0.007 
185.0 220.0 8.718102 -2.082565 409.0 214.0 -11.053 85.193 2.586364 0.42 -1.63 44.25 0.0 0.0 0.0 0.0 2.586364 0.0 -0.003 -0.116 0.0 0.0 0.0 0.0 -0.025 -0.012 -0.005 
185.0 222.0 8.665336 -2.095253 408.0 215.0 -11.051 85.255 2.583404 0.41 -1.35 44.57 0.0 0.0 0.0 0.0 2.583404 0.0 0.009 -0.095 0.0 0.0 0.0 0.0 0.02 0.042 0.011 
185.0 222.0 8.665336 -2.095253 408.0 217.0 1.291 0.685 2.585377 0.55 -1.21 44.64 0.0 0.0 0.0 0.0 2.585377 0.0 -0.003 0.085 0.0 0.0 0.0 0.0 0.042 0.027 0.012 
184.0 222.0 8.66634 -2.269681 408.0 219.0 1.296 0.69 2.585377 0.74 -1.08 44.78 0.0 0.0 0.0 0.0 2.585377 0.0 0.007 0.079 0.0 0.0 0.0 0.0 0.027 0.025 0.014 
184.0 223.0 8.63996 -2.276615 407.0 221.0 -11.051 85.281 2.579457 0.96 -0.86 44.81 0.0 0.0 0.0 0.0 2.579457 0.0 -0.028 -0.088 0.0 0.0 0.0 0.0 0.048 0.048 0.007 
183.0 223.0 8.641049 -2.451533 406.0 223.0 -11.049 85.29 2.583404 1.11 -0.76 44.7 0.0 0.0 0.0 0.0 2.583404 0.0 -0.022 -0.124 0.0 0.0 0.0 0.0 0.055 0.017 -0.016 
183.0 223.0 8.641049 -2.451533 404.0 227.0 1.315 0.711 2.587351 1.25 -0.72 44.5 0.0 0.0 0.0 0.0 2.587351 0.0 -0.083 0.06 0.0 0.0 0.0 0.0 -0.016 -0.034 -0.021 
184.0 224.0 8.61358 -2.283591 411.0 220.0 -11.056 85.35 2.590311 1.26 -1.16 44.05 0.0 0.0 0.0 0.0 2.590311 0.0 -0.031 -0.197 0.0 0.0 0.0 0.0 -0.002 -0.024 -0.013 
186.0 225.0 8.585252 -1.938502 412.0 219.0 1.364 0.762 2.595245 1.18 -1.23 43.97 0.0 0.0 0.0 0.0 2.595245 0.0 0.049 0.232 0.0 0.0 0.0 0.0 -0.016 -0.039 -0.026 
186.0 225.0 8.585252 -1.938502 413.0 217.0 1.38 0.774 2.593271 1.05 -1.17 43.82 0.0 0.0 0.0 0.0 2.593271 0.0 0.007 0.231 0.0 0.0 0.0 0.0 -0.025 0.031 -0.006 
188.0 228.0 8.504456 -1.601018 416.0 218.0 -11.048 85.457 2.600179 0.55 -0.73 43.53 0.0 0.0 0.0 0.0 2.600179 0.0 0.008 -0.306 0.0 0.0 0.0 0.0 -0.026 0.001 0.001 
188.0 230.0 8.451674 -1.611019 417.0 220.0 1.483 0.875 2.599192 0.43 -0.76 43.63 0.0 0.0 0.0 0.0 2.599192 0.0 0.023 0.277 0.0 0.0 0.0 0.0 -0.032 -0.071 -0.011 
188.0 231.0 8.425283 -1.616067 417.0 218.0 -11.043 85.559 2.601166 0.43 -0.84 43.58 0.0 0.0 0.0 0.0 2.601166 0.0 -0.006 -0.293 0.0 0.0 0.0 0.0 -0.009 -0.029 -0.0 
189.0 234.0 8.345403 -1.450216 417.0 217.0 1.545 0.936 2.616954 0.37 -0.96 43.48 0.0 0.0 0.0 0.0 2.616954 0.0 0.003 0.345 0.0 0.0 0.0 0.0 -0.006 -0.035 0.009 
187.0 237.0 8.267742 -1.829914 412.0 216.0 1.628 1.01 2.60906 0.27 -0.66 44.11 0.0 0.0 0.0 0.0 2.60906 0.0 0.029 0.32 0.0 0.0 0.0 0.0 0.017 0.044 0.018 
186.0 238.0 8.242243 -2.019207 411.0 218.0 -11.031 85.759 2.615968 0.29 -0.46 44.1 0.0 0.0 0.0 0.0 2.615968 0.0 -0.012 -0.336 0.0 0.0 0.0 0.0 0.021 0.018 -0.003 
185.0 240.0 8.190453 -2.216794 410.0 221.0 -11.03 85.789 2.616954 0.39 -0.39 44.07 0.0 0.0 0.0 0.0 2.616954 0.0 -0.003 -0.359 0.0 0.0 0.0 0.0 0.008 -0.013 -0.01 
185.0 241.0 8.164071 -2.223961 409.0 222.0 1.687 1.072 2.61202 0.42 -0.62 44.11 0.0 0.0 0.0 0.0 2.61202 0.0 -0.086 0.258 0.0 0.0 0.0 0.0 0.022 -0.062 0.011 
185.0 243.0 8.111309 -2.238435 409.0 219.0 1.723 1.112 2.619915 0.44 -0.95 44.39 0.0 0.0 0.0 0.0 2.619915 0.0 0.024 0.276 0.0 0.0 0.0 0.0 0.019 0.042 0.011 
185.0 244.0 8.084929 -2.245743 407.0 218.0 1.766 1.147 2.618928 0.44 -0.89 44.57 0.0 0.0 0.0 0.0 2.618928 0.0 0.038 0.342 0.0 0.0 0.0 0.0 -0.044 -0.013 0.029 
184.0 246.0 8.033252 -2.448657 403.0 216.0 -11.026 85.955 2.623862 0.39 -0.82 44.69 0.0 0.0 0.0 0.0 2.623862 0.0 -0.046 -0.35 0.0 0.0 0.0 0.0 0.009 -0.007 0.016 
183.0 247.0 8.008051 -2.645448 402.0 217.0 1.821 1.192 2.623862 0.35 -0.69 44.76 0.0 0.0 0.0 0.0 2.623862 0.0 0.023 0.378 0.0 0.0 0.0 0.0 -0.0 0.01 0.004 
181.0 249.0 7.957933 -3.042759 401.0 218.0 -11.02 86.032 2.620902 0.33 -0.75 44.9 0.0 0.0 0.0 0.0 2.620902 0.0 -0.024 -0.336 0.0 0.0 0.0 0.0 -0.026 0.033 0.007 
182.0 252.0 7.877471 -2.881584 400.0 218.0 1.911 1.273 2.628796 0.52 -0.67 44.67 0.0 0.0 0.0 0.0 2.628796 0.0 0.012 0.339 0.0 0.0 0.0 0.0 -0.011 0.015 -0.023 
183.0 254.0 7.823445 -2.707918 401.0 219.0 1.933 1.293 2.628796 0.58 -0.54 44.52 0.0 0.0 0.0 0.0 2.628796 0.0 0.023 0.35 0.0 0.0 0.0 0.0 0.011 0.023 -0.028 
184.0 260.0 7.663991 -2.566713 405.0 223.0 -11.002 86.302 2.620902 0.43 -0.37 44.57 0.0 0.0 0.0 0.0 2.620902 0.0 -0.028 -0.327 0.0 0.0 0.0 0.0 0.008 0.008 -0.018 
184.0 261.0 7.637617 -2.575583 404.0 223.0 2.097 1.437 2.618928 0.52 -0.16 44.47 0.0 0.0 0.0 0.0 2.618928 0.0 0.0 0.356 0.0 0.0 0.0 0.0 -0.011 0.06 -0.04 
187.0 265.0 7.528927 -2.009554 412.0 240.0 2.199 1.533 2.57847 1.16 0.76 43.64 0.0 0.0 0.0 0.0 2.57847 0.0 0.04 0.326 0.0 0.0 0.0 0.0 0.021 -0.02 -0.045 
191.0 267.0 7.473174 -1.21457 420.0 241.0 -10.985 86.563 2.547879 1.12 0.18 43.32 0.0 0.0 0.0 0.0 2.547879 0.0 -0.043 -0.332 0.0 0.0 0.0 0.0 -0.001 -0.077 -0.024 
193.0 271.0 7.366648 -0.821389 423.0 238.0 -10.981 86.592 2.533078 1.09 -0.07 43.21 0.0 0.0 0.0 0.0 2.533078 0.0 -0.035 -0.342 0.0 0.0 0.0 0.0 -0.019 -0.011 -0.038 
195.0 273.0 7.31328 -0.413681 426.0 235.0 2.29 1.61 2.517289 1.07 0.06 43.09 0.0 0.0 0.0 0.0 2.517289 0.0 0.039 0.356 0.0 0.0 0.0 0.0 -0.016 0.045 -0.035 
195.0 274.0 7.286879 -0.41518 427.0 238.0 2.314 1.631 2.503474 0.94 0.44 42.93 0.0 0.0 0.0 0.0 2.503474 0.0 0.037 0.357 0.0 0.0 0.0 0.0 -0.033 0.074 -0.047 
196.0 275.0 7.260335 -0.208347 430.0 242.0 2.339 1.653 2.493606 0.76 0.87 42.76 0.0 0.0 0.0 0.0 2.493606 0.0 0.033 0.358 0.0 0.0 0.0 0.0 -0.039 0.063 -0.038 
197.0 276.0 7.233886 0.0 432.0 248.0 2.363 1.674 2.485712 0.46 1.01 42.59 0.0 0.0 0.0 0.0 2.485712 0.0 0.04 0.363 0.0 0.0 0.0 0.0 -0.126 -0.014 -0.04 
198.0 277.0 7.207533 0.209874 435.0 254.0 -10.961 86.78 2.448214 -0.02 0.6 42.43 0.0 0.0 0.0 0.0 2.448214 0.0 -0.04 -0.279 0.0 0.0 0.0 0.0 -0.08 -0.131 -0.042 
198.0 278.0 7.181132 0.210645 437.0 255.0 -10.961 86.78 2.451174 -0.37 0.03 42.21 0.0 0.0 0.0 0.0 2.451174 0.0 -0.04 -0.279 0.0 0.0 0.0 0.0 -0.014 -0.094 -0.059 
201.0 280.0 7.129064 0.848764 447.0 239.0 2.476 1.775 2.426505 -0.27 -0.75 41.53 0.0 0.0 0.0 0.0 2.426505 0.0 0.009 0.326 0.0 0.0 0.0 0.0 0.039 -0.009 -0.074 
204.0 281.0 7.104285 1.490632 451.0 235.0 2.495 1.796 2.41269 0.01 -0.64 41.15 0.0 0.0 0.0 0.0 2.41269 0.0 0.016 0.33 0.0 0.0 0.0 0.0 0.051 0.063 -0.083 
206.0 282.0 7.079467 1.923389 455.0 235.0 -10.95 86.928 2.396901 0.28 -0.21 40.78 0.0 0.0 0.0 0.0 2.396901 0.0 -0.027 -0.321 0.0 0.0 0.0 0.0 0.056 0.108 -0.075 
210.0 285.0 7.004689 2.808485 465.0 247.0 2.536 1.838 2.379139 0.48 0.45 40.48 0.0 0.0 0.0 0.0 2.379139 0.0 0.009 0.333 0.0 0.0 0.0 0.0 -0.021 0.045 -0.054 
211.0 286.0 6.979668 3.035569 469.0 254.0 -10.947 86.986 2.369271 0.55 0.72 40.33 0.0 0.0 0.0 0.0 2.369271 0.0 -0.026 -0.318 0.0 0.0 0.0 0.0 -0.042 -0.008 -0.045 
212.0 286.0 6.981116 3.251946 472.0 260.0 -10.945 87.014 2.356443 0.45 0.66 40.3 0.0 0.0 0.0 0.0 2.356443 0.0 -0.021 -0.324 0.0 0.0 0.0 0.0 0.001 -0.021 -0.026 
214.0 289.0 6.905273 3.726645 476.0 262.0 2.617 1.92 2.341641 0.21 0.13 40.18 0.0 0.0 0.0 0.0 2.341641 0.0 0.027 0.318 0.0 0.0 0.0 0.0 -0.019 -0.098 -0.023 
215.0 294.0 6.775353 4.02199 481.0 249.0 2.679 1.982 2.319932 0.07 -0.97 39.88 0.0 0.0 0.0 0.0 2.319932 0.0 0.021 0.282 0.0 0.0 0.0 0.0 -0.011 -0.027 -0.035 
216.0 295.0 6.750928 4.261224 486.0 243.0 -10.93 87.193 2.306117 0.04 -0.9 39.78 0.0 0.0 0.0 0.0 2.306117 0.0 -0.018 -0.309 0.0 0.0 0.0 0.0 0.01 0.056 -0.031 
217.0 296.0 6.726621 4.50219 488.0 243.0 -10.928 87.225 2.30217 0.05 -0.66 39.71 0.0 0.0 0.0 0.0 2.30217 0.0 -0.018 -0.328 0.0 0.0 0.0 0.0 -0.001 0.033 -0.022 
218.0 298.0 6.676124 4.763642 491.0 247.0 -10.923 87.288 2.30217 0.05 -0.29 39.64 0.0 0.0 0.0 0.0 2.30217 0.0 -0.024 -0.345 0.0 0.0 0.0 0.0 -0.008 0.045 -0.014 
219.0 299.0 6.652067 5.00914 493.0 253.0 -10.921 87.317 2.288355 0.14 -0.08 39.69 0.0 0.0 0.0 0.0 2.288355 0.0 -0.007 -0.316 0.0 0.0 0.0 0.0 0.006 0.059 0.005 
219.0 300.0 6.625768 5.029073 494.0 257.0 2.806 2.117 2.273553 0.31 -0.0 39.85 0.0 0.0 0.0 0.0 2.273553 0.0 0.002 0.275 0.0 0.0 0.0 0.0 0.043 -0.051 0.025 
220.0 302.0 6.575556 5.298565 493.0 259.0 2.841 2.154 2.259738 0.16 -0.95 40.35 0.0 0.0 0.0 0.0 2.259738 0.0 0.023 0.296 0.0 0.0 0.0 0.0 -0.03 -0.083 0.033 
216.0 306.0 6.461355 4.452571 485.0 239.0 2.879 2.194 2.256778 -0.1 -1.79 40.78 0.0 0.0 0.0 0.0 2.256778 0.0 0.019 0.323 0.0 0.0 0.0 0.0 -0.012 -0.052 0.008 
215.0 307.0 6.43303 4.236395 485.0 237.0 -10.913 87.479 2.250857 -0.19 -2.09 40.85 0.0 0.0 0.0 0.0 2.250857 0.0 -0.016 -0.319 0.0 0.0 0.0 0.0 -0.024 -0.045 -0.001 
215.0 307.0 6.43303 4.236395 485.0 232.0 -10.912 87.507 2.245923 -0.33 -2.38 40.81 0.0 0.0 0.0 0.0 2.245923 0.0 -0.018 -0.312 0.0 0.0 0.0 0.0 -0.022 -0.136 0.004 
215.0 308.0 6.406702 4.253837 486.0 231.0 2.942 2.258 2.24395 -0.36 -2.64 41.01 0.0 0.0 0.0 0.0 2.24395 0.0 0.028 0.262 0.0 0.0 0.0 0.0 -0.02 0.012 0.029 
216.0 309.0 6.382394 4.507771 484.0 228.0 2.963 2.278 2.234082 -0.4 -2.62 41.29 0.0 0.0 0.0 0.0 2.234082 0.0 0.019 0.301 0.0 0.0 0.0 0.0 0.022 -0.036 0.057 
216.0 310.0 6.356075 4.526475 481.0 228.0 2.982 2.298 2.235069 -0.36 -2.6 41.7 0.0 0.0 0.0 0.0 2.235069 0.0 0.014 0.305 0.0 0.0 0.0 0.0 -0.002 0.039 0.054 
214.0 311.0 6.325791 4.06858 477.0 229.0 -10.904 87.625 2.223227 -0.32 -2.5 42.01 0.0 0.0 0.0 0.0 2.223227 0.0 -0.009 -0.334 0.0 0.0 0.0 0.0 0.006 0.026 0.025 
249.0 325.0 6.096812 13.013213 473.0 230.0 -10.904 87.683 2.230135 -0.22 -2.4 42.21 0.0 0.0 0.0 0.0 2.230135 0.0 0.01 -0.271 0.0 0.0 0.0 0.0 0.012 0.012 0.007 
211.0 315.0 6.215245 3.409336 472.0 235.0 3.057 2.381 2.21632 -0.05 -2.3 42.32 0.0 0.0 0.0 0.0 2.21632 0.0 -0.016 0.263 0.0 0.0 0.0 0.0 0.006 0.061 0.007 
211.0 316.0 6.188891 3.423871 471.0 236.0 -10.906 87.733 2.215333 0.18 -2.12 42.39 0.0 0.0 0.0 0.0 2.215333 0.0 0.011 -0.307 0.0 0.0 0.0 0.0 0.045 0.016 0.002 
210.0 317.0 6.16101 3.193449 471.0 238.0 3.093 2.423 2.212373 0.36 -1.96 42.48 0.0 0.0 0.0 0.0 2.212373 0.0 -0.008 0.339 0.0 0.0 0.0 0.0 0.027 0.032 0.004 
210.0 318.0 6.13465 3.207186 471.0 243.0 -10.908 87.794 2.204478 0.41 -1.74 42.56 0.0 0.0 0.0 0.0 2.204478 0.0 0.004 -0.343 0.0 0.0 0.0 0.0 -0.006 0.011 0.004 
210.0 319.0 6.108291 3.22104 471.0 245.0 3.153 2.493 2.192637 0.43 -1.8 42.72 0.0 0.0 0.0 0.0 2.192637 0.0 -0.002 0.311 0.0 0.0 0.0 0.0 -0.036 0.033 -0.001 
210.0 320.0 6.081932 3.235015 471.0 245.0 3.153 2.493 2.18869 0.31 -1.77 42.75 0.0 0.0 0.0 0.0 2.18869 0.0 -0.002 0.311 0.0 0.0 0.0 0.0 0.006 0.001 0.005 
210.0 321.0 6.055573 3.249112 471.0 246.0 -10.91 87.89 2.187703 0.19 -1.84 42.87 0.0 0.0 0.0 0.0 2.187703 0.0 0.002 -0.295 0.0 0.0 0.0 0.0 0.026 -0.012 0.021 
210.0 323.0 6.002856 3.277676 471.0 244.0 3.2 2.544 2.184742 0.07 -1.9 43.16 0.0 0.0 0.0 0.0 2.184742 0.0 -0.003 0.339 0.0 0.0 0.0 0.0 -0.034 -0.002 0.042 
209.0 324.0 5.97504 3.0394 467.0 244.0 3.244 2.587 2.179809 0.01 -1.84 43.44 0.0 0.0 0.0 0.0 2.179809 0.0 0.033 0.349 0.0 0.0 0.0 0.0 -0.023 -0.018 0.037 
208.0 326.0 5.92096 2.811374 464.0 245.0 3.267 2.609 2.183756 -0.04 -2.0 43.67 0.0 0.0 0.0 0.0 2.183756 0.0 0.004 0.338 0.0 0.0 0.0 0.0 0.002 -0.04 0.007 
207.0 327.0 5.893349 2.567597 463.0 245.0 3.287 2.629 2.178822 -0.16 -2.12 43.79 0.0 0.0 0.0 0.0 2.178822 0.0 0.007 0.278 0.0 0.0 0.0 0.0 -0.05 0.005 -0.001 
207.0 329.0 5.8406 2.590802 463.0 242.0 3.305 2.646 2.173888 -0.52 -2.41 43.92 0.0 0.0 0.0 0.0 2.173888 0.0 0.027 0.25 0.0 0.0 0.0 0.0 -0.058 -0.02 -0.017 
207.0 330.0 5.814227 2.602562 464.0 241.0 3.322 2.659 2.171914 -0.86 -2.49 43.91 0.0 0.0 0.0 0.0 2.171914 0.0 0.045 0.226 0.0 0.0 0.0 0.0 -0.046 0.018 -0.029 
207.0 330.0 5.814227 2.602562 465.0 241.0 3.339 2.67 2.167967 -1.12 -2.53 43.93 0.0 0.0 0.0 0.0 2.167967 0.0 0.062 0.208 0.0 0.0 0.0 0.0 -0.024 -0.008 -0.008 
207.0 330.0 5.814227 2.602562 466.0 242.0 3.356 2.679 2.16106 -1.22 -2.66 44.02 0.0 0.0 0.0 0.0 2.16106 0.0 0.06 0.18 0.0 0.0 0.0 0.0 0.004 -0.019 0.009 
208.0 331.0 5.789117 2.875454 466.0 241.0 -10.885 88.146 2.16402 -0.89 -2.67 44.01 0.0 0.0 0.0 0.0 2.16402 0.0 -0.06 -0.169 0.0 0.0 0.0 0.0 0.077 -0.01 -0.002 
207.0 332.0 5.761479 2.626406 465.0 241.0 3.383 2.692 2.158099 -0.37 -2.75 43.98 0.0 0.0 0.0 0.0 2.158099 0.0 0.049 0.118 0.0 0.0 0.0 0.0 0.106 -0.03 -0.002 
207.0 333.0 5.735106 2.638492 465.0 241.0 3.399 2.702 2.158099 0.02 -2.88 44.05 0.0 0.0 0.0 0.0 2.158099 0.0 0.023 0.188 0.0 0.0 0.0 0.0 0.054 -0.069 0.008 
207.0 334.0 5.708733 2.65069 465.0 238.0 3.418 2.716 2.157113 0.17 -3.08 44.2 0.0 0.0 0.0 0.0 2.157113 0.0 0.048 0.225 0.0 0.0 0.0 0.0 0.004 -0.008 0.017 
207.0 335.0 5.682361 2.663001 463.0 236.0 3.434 2.727 2.156126 0.14 -3.18 44.38 0.0 0.0 0.0 0.0 2.156126 0.0 0.065 0.246 0.0 0.0 0.0 0.0 -0.003 -0.039 0.028 
207.0 335.0 5.682361 2.663001 462.0 234.0 3.457 2.74 2.152179 0.03 -3.39 44.62 0.0 0.0 0.0 0.0 2.152179 0.0 0.085 0.288 0.0 0.0 0.0 0.0 -0.028 -0.001 0.014 
206.0 336.0 5.654817 2.408216 458.0 231.0 3.504 2.766 2.157113 -0.09 -3.48 44.81 0.0 0.0 0.0 0.0 2.157113 0.0 0.082 0.298 0.0 0.0 0.0 0.0 -0.022 -0.084 0.03 
205.0 338.0 5.601005 2.16108 455.0 229.0 3.527 2.78 2.157113 -0.12 -3.73 44.87 0.0 0.0 0.0 0.0 2.157113 0.0 0.059 0.284 0.0 0.0 0.0 0.0 0.028 0.041 -0.0 
204.0 339.0 5.573685 1.900111 454.0 228.0 -10.834 88.346 2.145271 0.15 -3.64 44.87 0.0 0.0 0.0 0.0 2.145271 0.0 -0.035 -0.247 0.0 0.0 0.0 0.0 0.003 -0.017 0.015 
204.0 340.0 5.547298 1.909152 453.0 227.0 3.565 2.81 2.151192 0.55 -3.72 44.92 0.0 0.0 0.0 0.0 2.151192 0.0 0.006 0.275 0.0 0.0 0.0 0.0 0.078 -0.06 0.021 
203.0 341.0 5.520091 1.644403 452.0 227.0 3.584 2.828 2.150205 1.03 -3.64 45.09 0.0 0.0 0.0 0.0 2.150205 0.0 0.003 0.297 0.0 0.0 0.0 0.0 0.083 0.063 0.036 
202.0 342.0 5.493003 1.377037 451.0 228.0 3.605 2.849 2.157113 1.49 -3.43 45.32 0.0 0.0 0.0 0.0 2.157113 0.0 0.002 0.319 0.0 0.0 0.0 0.0 0.055 0.006 0.05 
201.0 343.0 5.466036 1.107027 445.0 230.0 -10.832 88.454 2.160073 1.76 -3.34 45.64 0.0 0.0 0.0 0.0 2.160073 0.0 0.004 -0.317 0.0 0.0 0.0 0.0 0.046 0.033 0.052 
200.0 345.0 5.412793 0.838415 442.0 231.0 -10.832 88.491 2.153165 1.9 -3.31 45.93 0.0 0.0 0.0 0.0 2.153165 0.0 -0.004 -0.307 0.0 0.0 0.0 0.0 0.005 -0.028 0.02 
199.0 346.0 5.386071 0.561705 439.0 232.0 -10.83 88.52 2.16106 1.89 -3.22 46.04 0.0 0.0 0.0 0.0 2.16106 0.0 -0.021 -0.242 0.0 0.0 0.0 0.0 -0.034 0.057 0.009 
197.0 348.0 5.333011 0.0 437.0 233.0 -10.83 88.544 2.157113 1.76 -2.92 46.09 0.0 0.0 0.0 0.0 2.157113 0.0 0.011 -0.291 0.0 0.0 0.0 0.0 -0.012 0.029 0.01 
197.0 348.0 5.333011 0.0 435.0 236.0 3.732 2.969 2.156126 1.5 -2.65 46.09 0.0 0.0 0.0 0.0 2.156126 0.0 -0.003 0.328 0.0 0.0 0.0 0.0 -0.047 0.04 -0.0 
197.0 349.0 5.30661 0.0 435.0 239.0 -10.829 88.623 2.153165 1.18 -2.43 46.1 0.0 0.0 0.0 0.0 2.153165 0.0 -0.016 -0.342 0.0 0.0 0.0 0.0 -0.067 0.036 0.017 
197.0 350.0 5.280209 0.0 435.0 242.0 -10.828 88.652 2.163033 0.79 -2.25 46.17 0.0 0.0 0.0 0.0 2.163033 0.0 -0.008 -0.306 0.0 0.0 0.0 0.0 -0.057 0.005 -0.006 
197.0 352.0 5.227407 0.0 435.0 245.0 3.803 3.034 2.154152 0.38 -2.18 46.24 0.0 0.0 0.0 0.0 2.154152 0.0 -0.011 0.29 0.0 0.0 0.0 0.0 -0.056 0.101 0.004 
197.0 353.0 5.201005 0.0 435.0 250.0 3.823 3.054 2.157113 0.07 -1.96 46.25 0.0 0.0 0.0 0.0 2.157113 0.0 0.007 0.311 0.0 0.0 0.0 0.0 -0.036 -0.002 0.006 
197.0 353.0 5.201005 0.0 434.0 251.0 3.845 3.075 2.155139 -0.12 -1.82 46.25 0.0 0.0 0.0 0.0 2.155139 0.0 -0.009 0.329 0.0 0.0 0.0 0.0 -0.02 0.034 0.003 
197.0 354.0 5.174604 0.0 434.0 253.0 -10.828 88.786 2.163033 -0.21 -1.6 46.21 0.0 0.0 0.0 0.0 2.163033 0.0 -0.001 -0.347 0.0 0.0 0.0 0.0 0.0 -0.024 -0.002 
197.0 355.0 5.148203 0.0 435.0 255.0 -10.828 88.819 2.165994 -0.16 -1.62 46.25 0.0 0.0 0.0 0.0 2.165994 0.0 0.007 -0.355 0.0 0.0 0.0 0.0 0.026 0.1 -0.018 
198.0 356.0 5.12187 0.295336 435.0 256.0 -10.83 88.857 2.155139 -0.01 -1.36 46.21 0.0 0.0 0.0 0.0 2.155139 0.0 0.018 -0.299 0.0 0.0 0.0 0.0 0.042 0.013 -0.01 
197.0 357.0 5.095401 0.0 435.0 258.0 3.934 3.164 2.157113 0.15 -1.23 46.17 0.0 0.0 0.0 0.0 2.157113 0.0 -0.006 0.337 0.0 0.0 0.0 0.0 0.061 0.066 -0.002 
197.0 359.0 5.042599 0.0 437.0 261.0 3.955 3.186 2.158099 0.39 -1.02 46.13 0.0 0.0 0.0 0.0 2.158099 0.0 -0.013 0.333 0.0 0.0 0.0 0.0 0.049 -0.002 -0.009 
197.0 360.0 5.016198 0.0 437.0 264.0 -10.834 88.97 2.168954 0.6 -0.98 46.1 0.0 0.0 0.0 0.0 2.168954 0.0 0.016 -0.367 0.0 0.0 0.0 0.0 0.037 0.002 -0.006 
197.0 362.0 4.963396 0.0 438.0 265.0 4.018 3.251 2.150205 0.79 -1.03 46.19 0.0 0.0 0.0 0.0 2.150205 0.0 -0.009 0.341 0.0 0.0 0.0 0.0 0.014 0.044 0.008 
197.0 364.0 4.910594 0.0 439.0 266.0 -10.835 89.043 2.151192 0.93 -0.96 46.25 0.0 0.0 0.0 0.0 2.151192 0.0 -0.009 -0.306 0.0 0.0 0.0 0.0 -0.001 -0.008 0.017 
197.0 365.0 4.884193 0.0 439.0 267.0 4.069 3.3 2.157113 1.02 -0.84 46.29 0.0 0.0 0.0 0.0 2.157113 0.0 -0.008 0.339 0.0 0.0 0.0 0.0 0.003 0.037 -0.001 
197.0 366.0 4.857792 0.0 439.0 268.0 4.085 3.316 2.154152 1.02 -0.67 46.27 0.0 0.0 0.0 0.0 2.154152 0.0 0.002 0.354 0.0 0.0 0.0 0.0 -0.017 0.027 0.001 
197.0 367.0 4.831391 0.0 439.0 269.0 4.126 3.356 2.158099 0.95 -0.56 46.25 0.0 0.0 0.0 0.0 2.158099 0.0 -0.0 0.369 0.0 0.0 0.0 0.0 -0.012 -0.007 -0.0 
197.0 367.0 4.831391 0.0 439.0 271.0 4.144 3.373 2.165007 0.83 -0.59 46.25 0.0 0.0 0.0 0.0 2.165007 0.0 -0.002 0.383 0.0 0.0 0.0 0.0 -0.017 -0.042 0.006 
197.0 369.0 4.778589 0.0 439.0 270.0 4.169 3.398 2.150205 0.65 -0.83 46.35 0.0 0.0 0.0 0.0 2.150205 0.0 0.002 0.373 0.0 0.0 0.0 0.0 -0.023 -0.016 0.001 
197.0 371.0 4.725787 0.0 439.0 268.0 -10.836 89.245 2.158099 0.46 -0.94 46.39 0.0 0.0 0.0 0.0 2.158099 0.0 -0.007 -0.351 0.0 0.0 0.0 0.0 -0.035 -0.006 0.024 
197.0 373.0 4.672985 0.0 438.0 267.0 -10.838 89.309 2.156126 0.33 -0.98 46.43 0.0 0.0 0.0 0.0 2.156126 0.0 0.027 -0.39 0.0 0.0 0.0 0.0 -0.025 0.002 0.013 
197.0 374.0 4.646584 0.0 438.0 267.0 4.262 3.492 2.157113 0.25 -0.91 46.46 0.0 0.0 0.0 0.0 2.157113 0.0 -0.024 0.383 0.0 0.0 0.0 0.0 -0.018 -0.009 0.011 
196.0 376.0 4.593857 -0.329282 437.0 267.0 4.286 3.518 2.157113 0.17 -0.85 46.46 0.0 0.0 0.0 0.0 2.157113 0.0 -0.02 0.402 0.0 0.0 0.0 0.0 -0.001 -0.008 0.012 
197.0 377.0 4.56738 0.0 437.0 267.0 4.305 3.536 2.16402 0.17 -0.92 46.55 0.0 0.0 0.0 0.0 2.16402 0.0 -0.004 0.395 0.0 0.0 0.0 0.0 -0.006 0.026 0.009 
197.0 378.0 4.540979 0.0 437.0 266.0 4.346 3.579 2.16106 0.2 -0.96 46.65 0.0 0.0 0.0 0.0 2.16106 0.0 -0.019 0.331 0.0 0.0 0.0 0.0 0.001 -0.034 0.008 
197.0 380.0 4.488177 0.0 437.0 266.0 -10.847 89.489 2.159086 0.22 -1.02 46.66 0.0 0.0 0.0 0.0 2.159086 0.0 0.02 -0.362 0.0 0.0 0.0 0.0 0.036 0.053 -0.002 
197.0 382.0 4.435375 0.0 436.0 265.0 -10.849 89.546 2.159086 0.26 -1.03 46.65 0.0 0.0 0.0 0.0 2.159086 0.0 0.026 -0.39 0.0 0.0 0.0 0.0 0.014 -0.028 -0.005 
196.0 384.0 4.382652 -0.345151 437.0 265.0 -10.85 89.571 2.163033 0.33 -1.01 46.58 0.0 0.0 0.0 0.0 2.163033 0.0 0.022 -0.405 0.0 0.0 0.0 0.0 0.02 -0.001 -0.011 
197.0 385.0 4.356172 0.0 438.0 265.0 4.462 3.7 2.172901 0.41 -1.09 46.61 0.0 0.0 0.0 0.0 2.172901 0.0 -0.033 0.388 0.0 0.0 0.0 0.0 0.017 -0.012 -0.014 
197.0 387.0 4.30337 0.0 439.0 265.0 4.462 3.7 2.16106 0.46 -1.09 46.57 0.0 0.0 0.0 0.0 2.16106 0.0 -0.033 0.388 0.0 0.0 0.0 0.0 0.015 0.004 -0.008 
197.0 388.0 4.276969 0.0 441.0 265.0 -10.858 89.707 2.165994 0.56 -1.07 46.55 0.0 0.0 0.0 0.0 2.165994 0.0 0.016 -0.389 0.0 0.0 0.0 0.0 -0.013 -0.004 -0.004 
197.0 390.0 4.224167 0.0 442.0 265.0 -10.859 89.732 2.165007 0.59 -0.99 46.53 0.0 0.0 0.0 0.0 2.165007 0.0 0.017 -0.391 0.0 0.0 0.0 0.0 0.014 0.004 0.0 
197.0 391.0 4.197766 0.0 443.0 266.0 4.566 3.809 2.165007 0.62 -0.92 46.48 0.0 0.0 0.0 0.0 2.165007 0.0 -0.01 0.398 0.0 0.0 0.0 0.0 -0.004 0.0 0.001 
197.0 392.0 4.171365 0.0 444.0 267.0 -10.862 89.81 2.16698 0.63 -0.88 46.41 0.0 0.0 0.0 0.0 2.16698 0.0 -0.012 -0.4 0.0 0.0 0.0 0.0 -0.004 -0.002 -0.007 
197.0 393.0 4.144964 0.0 446.0 267.0 -10.863 89.873 2.170928 0.61 -0.97 46.35 0.0 0.0 0.0 0.0 2.170928 0.0 0.009 -0.408 0.0 0.0 0.0 0.0 -0.011 -0.026 -0.006 
197.0 395.0 4.092162 0.0 447.0 266.0 4.668 3.91 2.171914 0.59 -1.1 46.3 0.0 0.0 0.0 0.0 2.171914 0.0 -0.023 0.42 0.0 0.0 0.0 0.0 0.004 -0.021 -0.007 
198.0 397.0 4.039446 0.374477 448.0 264.0 -10.866 89.955 2.170928 0.57 -1.17 46.25 0.0 0.0 0.0 0.0 2.170928 0.0 0.029 -0.445 0.0 0.0 0.0 0.0 -0.0 -0.023 -0.003 
198.0 399.0 3.986645 0.379437 450.0 261.0 -10.867 90.011 2.168954 0.53 -1.2 46.24 0.0 0.0 0.0 0.0 2.168954 0.0 0.002 -0.431 0.0 0.0 0.0 0.0 -0.002 -0.004 -0.005 
198.0 401.0 3.933844 0.38453 450.0 261.0 4.766 4.011 2.174875 0.5 -1.15 46.22 0.0 0.0 0.0 0.0 2.174875 0.0 -0.013 0.442 0.0 0.0 0.0 0.0 -0.002 -0.004 -0.001 
198.0 402.0 3.907443 0.387128 451.0 260.0 4.786 4.031 2.173888 0.49 -1.12 46.2 0.0 0.0 0.0 0.0 2.173888 0.0 -0.003 0.425 0.0 0.0 0.0 0.0 -0.013 0.009 -0.006 
197.0 404.0 3.854552 0.0 453.0 262.0 4.823 4.066 2.172901 0.46 -1.07 46.19 0.0 0.0 0.0 0.0 2.172901 0.0 0.009 0.441 0.0 0.0 0.0 0.0 0.002 0.017 -0.007 
197.0 405.0 3.828151 0.0 453.0 262.0 4.848 4.091 2.180795 0.43 -0.98 46.18 0.0 0.0 0.0 0.0 2.180795 0.0 -0.039 0.485 0.0 0.0 0.0 0.0 -0.008 -0.004 -0.003 
197.0 407.0 3.775349 0.0 454.0 263.0 -10.873 90.244 2.178822 0.39 -0.94 46.18 0.0 0.0 0.0 0.0 2.178822 0.0 -0.011 -0.454 0.0 0.0 0.0 0.0 -0.009 0.019 -0.005 
197.0 408.0 3.748948 0.0 455.0 264.0 -10.874 90.303 2.178822 0.36 -0.86 46.15 0.0 0.0 0.0 0.0 2.178822 0.0 0.009 -0.454 0.0 0.0 0.0 0.0 -0.017 0.012 -0.003 
198.0 410.0 3.69624 0.409249 457.0 266.0 4.954 4.198 2.181782 0.33 -0.81 46.11 0.0 0.0 0.0 0.0 2.181782 0.0 -0.008 0.459 0.0 0.0 0.0 0.0 0.003 0.012 -0.003 
198.0 412.0 3.643439 0.41518 458.0 267.0 4.975 4.218 2.174875 0.31 -0.75 46.09 0.0 0.0 0.0 0.0 2.174875 0.0 0.001 0.453 0.0 0.0 0.0 0.0 -0.011 0.006 0.002 
198.0 414.0 3.590639 0.421285 459.0 267.0 -10.876 90.435 2.179809 0.28 -0.7 46.08 0.0 0.0 0.0 0.0 2.179809 0.0 0.038 -0.492 0.0 0.0 0.0 0.0 0.002 -0.0 0.003 
198.0 415.0 3.564239 0.424405 461.0 268.0 -10.877 90.466 2.178822 0.25 -0.68 46.07 0.0 0.0 0.0 0.0 2.178822 0.0 -0.0 -0.458 0.0 0.0 0.0 0.0 -0.005 -0.012 0.002 
198.0 417.0 3.511438 0.430787 461.0 268.0 -10.878 90.527 2.180795 0.22 -0.66 46.07 0.0 0.0 0.0 0.0 2.180795 0.0 -0.021 -0.473 0.0 0.0 0.0 0.0 0.001 -0.004 -0.002 
198.0 419.0 3.458637 0.437364 462.0 269.0 5.135 4.375 2.177835 0.21 -0.64 46.1 0.0 0.0 0.0 0.0 2.177835 0.0 -0.013 0.483 0.0 0.0 0.0 0.0 0.002 0.002 0.002 
198.0 421.0 3.405837 0.444144 463.0 269.0 5.157 4.395 2.184742 0.24 -0.6 46.12 0.0 0.0 0.0 0.0 2.184742 0.0 0.039 0.424 0.0 0.0 0.0 0.0 0.007 0.009 0.002 
198.0 422.0 3.379436 0.447614 463.0 269.0 -10.875 90.658 2.182769 0.27 -0.53 46.11 0.0 0.0 0.0 0.0 2.182769 0.0 0.019 -0.5 0.0 0.0 0.0 0.0 0.019 0.005 -0.003 
198.0 424.0 3.326636 0.454719 464.0 271.0 -10.877 90.727 2.189677 0.35 -0.43 46.11 0.0 0.0 0.0 0.0 2.189677 0.0 0.016 -0.491 0.0 0.0 0.0 0.0 0.011 0.007 -0.002 
198.0 427.0 3.247436 0.465809 465.0 272.0 5.281 4.519 2.19461 0.38 -0.34 46.09 0.0 0.0 0.0 0.0 2.19461 0.0 -0.046 0.527 0.0 0.0 0.0 0.0 0.01 0.011 -0.005 
198.0 428.0 3.221035 0.469627 466.0 273.0 -10.88 90.824 2.187703 0.42 -0.25 46.08 0.0 0.0 0.0 0.0 2.187703 0.0 -0.021 -0.466 0.0 0.0 0.0 0.0 0.007 0.011 -0.0 
198.0 429.0 3.194635 0.473508 469.0 275.0 5.348 4.584 2.176848 0.5 -0.28 46.13 0.0 0.0 0.0 0.0 2.176848 0.0 -0.018 0.453 0.0 0.0 0.0 0.0 0.006 -0.021 -0.017 
198.0 431.0 3.141835 0.481466 470.0 276.0 5.389 4.624 2.182769 0.53 -0.32 46.07 0.0 0.0 0.0 0.0 2.182769 0.0 -0.005 0.441 0.0 0.0 0.0 0.0 0.021 0.045 -0.007 
198.0 433.0 3.089035 0.489696 472.0 277.0 5.41 4.644 2.186716 0.56 -0.28 46.02 0.0 0.0 0.0 0.0 2.186716 0.0 0.001 0.45 0.0 0.0 0.0 0.0 -0.037 -0.047 -0.006 
198.0 435.0 3.036235 0.498212 475.0 277.0 5.452 4.686 2.19165 0.6 -0.37 46.01 0.0 0.0 0.0 0.0 2.19165 0.0 0.006 0.458 0.0 0.0 0.0 0.0 -0.011 0.007 -0.001 
198.0 437.0 2.983435 0.507029 476.0 276.0 -10.881 91.061 2.185729 0.6 -0.39 45.95 0.0 0.0 0.0 0.0 2.185729 0.0 0.019 -0.482 0.0 0.0 0.0 0.0 0.003 -0.017 -0.005 
198.0 439.0 2.930634 0.516164 477.0 276.0 -10.883 91.124 2.200531 0.6 -0.51 46.03 0.0 0.0 0.0 0.0 2.200531 0.0 0.053 -0.515 0.0 0.0 0.0 0.0 0.003 -0.001 0.002 
198.0 440.0 2.904235 0.520856 479.0 275.0 -10.885 91.154 2.180795 0.61 -0.53 46.05 0.0 0.0 0.0 0.0 2.180795 0.0 0.007 -0.418 0.0 0.0 0.0 0.0 -0.007 -0.006 0.02 
199.0 443.0 2.825405 1.070824 480.0 275.0 -10.886 91.226 2.181782 0.54 -0.34 46.12 0.0 0.0 0.0 0.0 2.181782 0.0 0.018 -0.444 0.0 0.0 0.0 0.0 -0.056 0.01 0.01 
199.0 445.0 2.772612 1.091216 482.0 281.0 -10.886 91.257 2.178822 0.47 -0.13 46.16 0.0 0.0 0.0 0.0 2.178822 0.0 -0.016 -0.443 0.0 0.0 0.0 0.0 -0.009 0.028 -0.003 
199.0 446.0 2.746216 1.101706 483.0 284.0 -10.886 91.314 2.182769 0.41 0.03 46.13 0.0 0.0 0.0 0.0 2.182769 0.0 0.017 -0.451 0.0 0.0 0.0 0.0 -0.008 0.016 -0.004 
198.0 448.0 2.693036 0.561705 484.0 286.0 5.673 4.907 2.183756 0.38 0.01 46.07 0.0 0.0 0.0 0.0 2.183756 0.0 0.001 0.445 0.0 0.0 0.0 0.0 -0.009 -0.028 -0.014 
199.0 449.0 2.667028 1.134422 485.0 286.0 -10.89 91.406 2.174875 0.36 -0.32 46.05 0.0 0.0 0.0 0.0 2.174875 0.0 -0.001 -0.431 0.0 0.0 0.0 0.0 0.043 -0.087 -0.012 
199.0 452.0 2.587841 1.169139 487.0 284.0 5.754 4.992 2.175861 0.41 -0.6 45.98 0.0 0.0 0.0 0.0 2.175861 0.0 -0.027 0.4 0.0 0.0 0.0 0.0 -0.0 -0.028 -0.008 
199.0 453.0 2.561445 1.181189 491.0 278.0 5.772 5.012 2.177835 0.42 -0.84 45.93 0.0 0.0 0.0 0.0 2.177835 0.0 -0.01 0.416 0.0 0.0 0.0 0.0 0.035 -0.074 -0.013 
199.0 455.0 2.508655 1.206049 493.0 275.0 5.812 5.051 2.176848 0.48 -1.08 45.91 0.0 0.0 0.0 0.0 2.176848 0.0 0.008 0.443 0.0 0.0 0.0 0.0 0.011 0.013 -0.002 
199.0 457.0 2.455864 1.231977 495.0 274.0 5.834 5.071 2.174875 0.52 -1.1 45.85 0.0 0.0 0.0 0.0 2.174875 0.0 0.004 0.444 0.0 0.0 0.0 0.0 0.003 -0.02 -0.01 
199.0 459.0 2.403075 1.259045 499.0 274.0 -10.893 91.632 2.165994 0.54 -1.2 45.84 0.0 0.0 0.0 0.0 2.165994 0.0 0.002 -0.446 0.0 0.0 0.0 0.0 -0.005 0.004 -0.003 
200.0 460.0 2.377414 1.909152 501.0 274.0 -10.893 91.661 2.16698 0.52 -1.22 45.82 0.0 0.0 0.0 0.0 2.16698 0.0 -0.002 -0.43 0.0 0.0 0.0 0.0 0.024 -0.021 -0.012 
